  0.000   0.000   0.000   0.000   0.000   0.000   0.000   0.000   0.000   0.000   0.000   0.000   0.000   0.000   0.000   0.000   0.000   0.000   0.000   0.000   0.000   0.000   0.000   0.000   0.000   0.000   0.000   0.000   0.000   0.000   0.000   0.000   0.000   0.000   0.000   0.000   0.000   0.000   0.000   0.000   0.000   0.000   0.000   0.000   0.000   0.000   0.000   0.000   0.000   0.000
  1.000   1.000   1.000   1.000   1.000   1.000   1.000   1.000   1.000   1.000   1.000   1.000   1.000   1.000   1.000   1.000   1.000   1.000   1.000   1.000   1.000   1.000   1.000   1.000   1.000   1.000   1.000   1.000   1.000   1.000   1.000   1.000   1.000   1.000   1.000   1.000   1.000   1.000   1.000   1.000   1.000   1.000   1.000   1.000   1.000   1.000   1.000   1.000   1.000   1.000
  2.000   2.000   2.000   2.000   2.000   2.000   2.000   2.000   2.000   2.000   2.000   2.000   2.000   2.000   2.000   2.000   2.000   2.000   2.000   2.000   2.000   2.000   2.000   2.000   2.000   2.000   2.000   2.000   2.000   2.000   2.000   2.000   2.000   2.000   2.000   2.000   2.000   2.000   2.000   2.000   2.000   2.000   2.000   2.000   2.000   2.000   2.000   2.000   2.000   2.000
  3.000   3.000   3.000   3.000   3.000   3.000   3.000   3.000   3.000   3.000   3.000   3.000   3.000   3.000   3.000   3.000   3.000   3.000   3.000   3.000   3.000   3.000   3.000   3.000   3.000   3.000   3.000   3.000   3.000   3.000   3.000   3.000   3.000   3.000   3.000   3.000   3.000   3.000   3.000   3.000   3.000   3.000   3.000   3.000   3.000   3.000   3.000   3.000   3.000   3.000
  4.000   4.000   4.000   4.000   4.000   4.000   4.000   4.000   4.000   4.000   4.000   4.000   4.000   4.000   4.000   4.000   4.000   4.000   4.000   4.000   4.000   4.000   4.000   4.000   4.000   4.000   4.000   4.000   4.000   4.000   4.000   4.000   4.000   4.000   4.000   4.000   4.000   4.000   4.000   4.000   4.000   4.000   4.000   4.000   4.000   4.000   4.000   4.000   4.000   4.000
  5.000   5.000   5.000   5.000   5.000   5.000   5.000   5.000   5.000   5.000   5.000   5.000   5.000   5.000   5.000   5.000   5.000   5.000   5.000   5.000   5.000   5.000   5.000   5.000   5.000   5.000   5.000   5.000   5.000   5.000   5.000   5.000   5.000   5.000   5.000   5.000   5.000   5.000   5.000   5.000   5.000   5.000   5.000   5.000   5.000   5.000   5.000   5.000   5.000   5.000
  6.000   6.000   6.000   6.000   6.000   6.000   6.000   6.000   6.000   6.000   6.000   6.000   6.000   6.000   6.000   6.000   6.000   6.000   6.000   6.000   6.000   6.000   6.000   6.000   6.000   6.000   6.000   6.000   6.000   6.000   6.000   6.000   6.000   6.000   6.000   6.000   6.000   6.000   6.000   6.000   6.000   6.000   6.000   6.000   6.000   6.000   6.000   6.000   6.000   6.000
  7.000   7.000   7.000   7.000   7.000   7.000   7.000   7.000   7.000   7.000   7.000   7.000   7.000   7.000   7.000   7.000   7.000   7.000   7.000   7.000   7.000   7.000   7.000   7.000   7.000   7.000   7.000   7.000   7.000   7.000   7.000   7.000   7.000   7.000   7.000   7.000   7.000   7.000   7.000   7.000   7.000   7.000   7.000   7.000   7.000   7.000   7.000   7.000   7.000   7.000
  8.000   8.000   8.000   8.000   8.000   8.000   8.000   8.000   8.000   8.000   8.000   8.000   8.000   8.000   8.000   8.000   8.000   8.000   8.000   8.000   8.000   8.000   8.000   8.000   8.000   8.000   8.000   8.000   8.000   8.000   8.000   8.000   8.000   8.000   8.000   8.000   8.000   8.000   8.000   8.000   8.000   8.000   8.000   8.000   8.000   8.000   8.000   8.000   8.000   8.000
  9.000   9.000   9.000   9.000   9.000   9.000   9.000   9.000   9.000   9.000   9.000   9.000   9.000   9.000   9.000   9.000   9.000   9.000   9.000   9.000   9.000   9.000   9.000   9.000   9.000   9.000   9.000   9.000   9.000   9.000   9.000   9.000   9.000   9.000   9.000   9.000   9.000   9.000   9.000   9.000   9.000   9.000   9.000   9.000   9.000   9.000   9.000   9.000   9.000   9.000
 10.000  10.000  10.000  10.000  10.000  10.000  10.000  10.000  10.000  10.000  10.000  10.000  10.000  10.000  10.000  10.000  10.000  10.000  10.000  10.000  10.000  10.000  10.000  10.000  10.000  10.000  10.000  10.000  10.000  10.000  10.000  10.000  10.000  10.000  10.000  10.000  10.000  10.000  10.000  10.000  10.000  10.000  10.000  10.000  10.000  10.000  10.000  10.000  10.000  10.000
 11.000  11.000  11.000  11.000  11.000  11.000  11.000  11.000  11.000  11.000  11.000  11.000  11.000  11.000  11.000  11.000  11.000  11.000  11.000  11.000  11.000  11.000  11.000  11.000  11.000  11.000  11.000  11.000  11.000  11.000  11.000  11.000  11.000  11.000  11.000  11.000  11.000  11.000  11.000  11.000  11.000  11.000  11.000  11.000  11.000  11.000  11.000  11.000  11.000  11.000
 12.000  12.000  12.000  12.000  12.000  12.000  12.000  12.000  12.000  12.000  12.000  12.000  12.000  12.000  12.000  12.000  12.000  12.000  12.000  12.000  12.000  12.000  12.000  12.000  12.000  12.000  12.000  12.000  12.000  12.000  12.000  12.000  12.000  12.000  12.000  12.000  12.000  12.000  12.000  12.000  12.000  12.000  12.000  12.000  12.000  12.000  12.000  12.000  12.000  12.000
 13.000  13.000  13.000  13.000  13.000  13.000  13.000  13.000  13.000  13.000  13.000  13.000  13.000  13.000  13.000  13.000  13.000  13.000  13.000  13.000  13.000  13.000  13.000  13.000  13.000  13.000  13.000  13.000  13.000  13.000  13.000  13.000  13.000  13.000  13.000  13.000  13.000  13.000  13.000  13.000  13.000  13.000  13.000  13.000  13.000  13.000  13.000  13.000  13.000  13.000
 14.000  14.000  14.000  14.000  14.000  14.000  14.000  14.000  14.000  14.000  14.000  14.000  14.000  14.000  14.000  14.000  14.000  14.000  14.000  14.000  14.000  14.000  14.000  14.000  14.000  14.000  14.000  14.000  14.000  14.000  14.000  14.000  14.000  14.000  14.000  14.000  14.000  14.000  14.000  14.000  14.000  14.000  14.000  14.000  14.000  14.000  14.000  14.000  14.000  14.000
 15.000  15.000  15.000  15.000  15.000  15.000  15.000  15.000  15.000  15.000  15.000  15.000  15.000  15.000  15.000  15.000  15.000  15.000  15.000  15.000  15.000  15.000  15.000  15.000  15.000  15.000  15.000  15.000  15.000  15.000  15.000  15.000  15.000  15.000  15.000  15.000  15.000  15.000  15.000  15.000  15.000  15.000  15.000  15.000  15.000  15.000  15.000  15.000  15.000  15.000
 16.000  16.000  16.000  16.000  16.000  16.000  16.000  16.000  16.000  16.000  16.000  16.000  16.000  16.000  16.000  16.000  16.000  16.000  16.000  16.000  16.000  16.000  16.000  16.000  16.000  16.000  16.000  16.000  16.000  16.000  16.000  16.000  16.000  16.000  16.000  16.000  16.000  16.000  16.000  16.000  16.000  16.000  16.000  16.000  16.000  16.000  16.000  16.000  16.000  16.000
 17.000  17.000  17.000  17.000  17.000  17.000  17.000  17.000  17.000  17.000  17.000  17.000  17.000  17.000  17.000  17.000  17.000  17.000  17.000  17.000  17.000  17.000  17.000  17.000  17.000  17.000  17.000  17.000  17.000  17.000  17.000  17.000  17.000  17.000  17.000  17.000  17.000  17.000  17.000  17.000  17.000  17.000  17.000  17.000  17.000  17.000  17.000  17.000  17.000  17.000
 18.000  18.000  18.000  18.000  18.000  18.000  18.000  18.000  18.000  18.000  18.000  18.000  18.000  18.000  18.000  18.000  18.000  18.000  18.000  18.000  18.000  18.000  18.000  18.000  18.000  18.000  18.000  18.000  18.000  18.000  18.000  18.000  18.000  18.000  18.000  18.000  18.000  18.000  18.000  18.000  18.000  18.000  18.000  18.000  18.000  18.000  18.000  18.000  18.000  18.000
 19.000  19.000  19.000  19.000  19.000  19.000  19.000  19.000  19.000  19.000  19.000  19.000  19.000  19.000  19.000  19.000  19.000  19.000  19.000  19.000  19.000  19.000  19.000  19.000  19.000  19.000  19.000  19.000  19.000  19.000  19.000  19.000  19.000  19.000  19.000  19.000  19.000  19.000  19.000  19.000  19.000  19.000  19.000  19.000  19.000  19.000  19.000  19.000  19.000  19.000
 20.000  20.000  20.000  20.000  20.000  20.000  20.000  20.000  20.000  20.000  20.000  20.000  20.000  20.000  20.000  20.000  20.000  20.000  20.000  20.000  20.000  20.000  20.000  20.000  20.000  20.000  20.000  20.000  20.000  20.000  20.000  20.000  20.000  20.000  20.000  20.000  20.000  20.000  20.000  20.000  20.000  20.000  20.000  20.000  20.000  20.000  20.000  20.000  20.000  20.000
 21.000  21.000  21.000  21.000  21.000  21.000  21.000  21.000  21.000  21.000  21.000  21.000  21.000  21.000  21.000  21.000  21.000  21.000  21.000  21.000  21.000  21.000  21.000  21.000  21.000  21.000  21.000  21.000  21.000  21.000  21.000  21.000  21.000  21.000  21.000  21.000  21.000  21.000  21.000  21.000  21.000  21.000  21.000  21.000  21.000  21.000  21.000  21.000  21.000  21.000
 22.000  22.000  22.000  22.000  22.000  22.000  22.000  22.000  22.000  22.000  22.000  22.000  22.000  22.000  22.000  22.000  22.000  22.000  22.000  22.000  22.000  22.000  22.000  22.000  22.000  22.000  22.000  22.000  22.000  22.000  22.000  22.000  22.000  22.000  22.000  22.000  22.000  22.000  22.000  22.000  22.000  22.000  22.000  22.000  22.000  22.000  22.000  22.000  22.000  22.000
 23.000  23.000  23.000  23.000  23.000  23.000  23.000  23.000  23.000  23.000  23.000  23.000  23.000  23.000  23.000  23.000  23.000  23.000  23.000  23.000  23.000  23.000  23.000  23.000  23.000  23.000  23.000  23.000  23.000  23.000  23.000  23.000  23.000  23.000  23.000  23.000  23.000  23.000  23.000  23.000  23.000  23.000  23.000  23.000  23.000  23.000  23.000  23.000  23.000  23.000
  1.000   2.000   3.000   4.000   5.000   6.000   7.000   8.000   9.000  10.000  11.000  12.000  13.000  14.000  15.000  16.000  17.000  18.000  19.000  20.000  21.000  22.000  23.000  24.000  25.000  26.000  27.000  28.000  29.000  30.000  31.000  32.000  33.000  34.000  35.000  36.000  37.000  38.000  39.000  40.000  41.000  42.000  43.000  44.000  45.000  46.000  47.000  48.000  49.000  50.000
  1.000   2.000   3.000   4.000   5.000   6.000   7.000   8.000   9.000  10.000  11.000  12.000  13.000  14.000  15.000  16.000  17.000  18.000  19.000  20.000  21.000  22.000  23.000  24.000  25.000  26.000  27.000  28.000  29.000  30.000  31.000  32.000  33.000  34.000  35.000  36.000  37.000  38.000  39.000  40.000  41.000  42.000  43.000  44.000  45.000  46.000  47.000  48.000  49.000  50.000
  1.000   2.000   3.000   4.000   5.000   6.000   7.000   8.000   9.000  10.000  11.000  12.000  13.000  14.000  15.000  16.000  17.000  18.000  19.000  20.000  21.000  22.000  23.000  24.000  25.000  26.000  27.000  28.000  29.000  30.000  31.000  32.000  33.000  34.000  35.000  36.000  37.000  38.000  39.000  40.000  41.000  42.000  43.000  44.000  45.000  46.000  47.000  48.000  49.000  50.000
  1.000   2.000   3.000   4.000   5.000   6.000   7.000   8.000   9.000  10.000  11.000  12.000  13.000  14.000  15.000  16.000  17.000  18.000  19.000  20.000  21.000  22.000  23.000  24.000  25.000  26.000  27.000  28.000  29.000  30.000  31.000  32.000  33.000  34.000  35.000  36.000  37.000  38.000  39.000  40.000  41.000  42.000  43.000  44.000  45.000  46.000  47.000  48.000  49.000  50.000
  1.000   2.000   3.000   4.000   5.000   6.000   7.000   8.000   9.000  10.000  11.000  12.000  13.000  14.000  15.000  16.000  17.000  18.000  19.000  20.000  21.000  22.000  23.000  24.000  25.000  26.000  27.000  28.000  29.000  30.000  31.000  32.000  33.000  34.000  35.000  36.000  37.000  38.000  39.000  40.000  41.000  42.000  43.000  44.000  45.000  46.000  47.000  48.000  49.000  50.000
  1.000   2.000   3.000   4.000   5.000   6.000   7.000   8.000   9.000  10.000  11.000  12.000  13.000  14.000  15.000  16.000  17.000  18.000  19.000  20.000  21.000  22.000  23.000  24.000  25.000  26.000  27.000  28.000  29.000  30.000  31.000  32.000  33.000  34.000  35.000  36.000  37.000  38.000  39.000  40.000  41.000  42.000  43.000  44.000  45.000  46.000  47.000  48.000  49.000  50.000
  1.000   2.000   3.000   4.000   5.000   6.000   7.000   8.000   9.000  10.000  11.000  12.000  13.000  14.000  15.000  16.000  17.000  18.000  19.000  20.000  21.000  22.000  23.000  24.000  25.000  26.000  27.000  28.000  29.000  30.000  31.000  32.000  33.000  34.000  35.000  36.000  37.000  38.000  39.000  40.000  41.000  42.000  43.000  44.000  45.000  46.000  47.000  48.000  49.000  50.000
  1.000   2.000   3.000   4.000   5.000   6.000   7.000   8.000   9.000  10.000  11.000  12.000  13.000  14.000  15.000  16.000  17.000  18.000  19.000  20.000  21.000  22.000  23.000  24.000  25.000  26.000  27.000  28.000  29.000  30.000  31.000  32.000  33.000  34.000  35.000  36.000  37.000  38.000  39.000  40.000  41.000  42.000  43.000  44.000  45.000  46.000  47.000  48.000  49.000  50.000
  1.000   2.000   3.000   4.000   5.000   6.000   7.000   8.000   9.000  10.000  11.000  12.000  13.000  14.000  15.000  16.000  17.000  18.000  19.000  20.000  21.000  22.000  23.000  24.000  25.000  26.000  27.000  28.000  29.000  30.000  31.000  32.000  33.000  34.000  35.000  36.000  37.000  38.000  39.000  40.000  41.000  42.000  43.000  44.000  45.000  46.000  47.000  48.000  49.000  50.000
  1.000   2.000   3.000   4.000   5.000   6.000   7.000   8.000   9.000  10.000  11.000  12.000  13.000  14.000  15.000  16.000  17.000  18.000  19.000  20.000  21.000  22.000  23.000  24.000  25.000  26.000  27.000  28.000  29.000  30.000  31.000  32.000  33.000  34.000  35.000  36.000  37.000  38.000  39.000  40.000  41.000  42.000  43.000  44.000  45.000  46.000  47.000  48.000  49.000  50.000
  1.000   2.000   3.000   4.000   5.000   6.000   7.000   8.000   9.000  10.000  11.000  12.000  13.000  14.000  15.000  16.000  17.000  18.000  19.000  20.000  21.000  22.000  23.000  24.000  25.000  26.000  27.000  28.000  29.000  30.000  31.000  32.000  33.000  34.000  35.000  36.000  37.000  38.000  39.000  40.000  41.000  42.000  43.000  44.000  45.000  46.000  47.000  48.000  49.000  50.000
  1.000   2.000   3.000   4.000   5.000   6.000   7.000   8.000   9.000  10.000  11.000  12.000  13.000  14.000  15.000  16.000  17.000  18.000  19.000  20.000  21.000  22.000  23.000  24.000  25.000  26.000  27.000  28.000  29.000  30.000  31.000  32.000  33.000  34.000  35.000  36.000  37.000  38.000  39.000  40.000  41.000  42.000  43.000  44.000  45.000  46.000  47.000  48.000  49.000  50.000
  1.000   2.000   3.000   4.000   5.000   6.000   7.000   8.000   9.000  10.000  11.000  12.000  13.000  14.000  15.000  16.000  17.000  18.000  19.000  20.000  21.000  22.000  23.000  24.000  25.000  26.000  27.000  28.000  29.000  30.000  31.000  32.000  33.000  34.000  35.000  36.000  37.000  38.000  39.000  40.000  41.000  42.000  43.000  44.000  45.000  46.000  47.000  48.000  49.000  50.000
  1.000   2.000   3.000   4.000   5.000   6.000   7.000   8.000   9.000  10.000  11.000  12.000  13.000  14.000  15.000  16.000  17.000  18.000  19.000  20.000  21.000  22.000  23.000  24.000  25.000  26.000  27.000  28.000  29.000  30.000  31.000  32.000  33.000  34.000  35.000  36.000  37.000  38.000  39.000  40.000  41.000  42.000  43.000  44.000  45.000  46.000  47.000  48.000  49.000  50.000
  1.000   2.000   3.000   4.000   5.000   6.000   7.000   8.000   9.000  10.000  11.000  12.000  13.000  14.000  15.000  16.000  17.000  18.000  19.000  20.000  21.000  22.000  23.000  24.000  25.000  26.000  27.000  28.000  29.000  30.000  31.000  32.000  33.000  34.000  35.000  36.000  37.000  38.000  39.000  40.000  41.000  42.000  43.000  44.000  45.000  46.000  47.000  48.000  49.000  50.000
  1.000   2.000   3.000   4.000   5.000   6.000   7.000   8.000   9.000  10.000  11.000  12.000  13.000  14.000  15.000  16.000  17.000  18.000  19.000  20.000  21.000  22.000  23.000  24.000  25.000  26.000  27.000  28.000  29.000  30.000  31.000  32.000  33.000  34.000  35.000  36.000  37.000  38.000  39.000  40.000  41.000  42.000  43.000  44.000  45.000  46.000  47.000  48.000  49.000  50.000
  1.000   2.000   3.000   4.000   5.000   6.000   7.000   8.000   9.000  10.000  11.000  12.000  13.000  14.000  15.000  16.000  17.000  18.000  19.000  20.000  21.000  22.000  23.000  24.000  25.000  26.000  27.000  28.000  29.000  30.000  31.000  32.000  33.000  34.000  35.000  36.000  37.000  38.000  39.000  40.000  41.000  42.000  43.000  44.000  45.000  46.000  47.000  48.000  49.000  50.000
  1.000   2.000   3.000   4.000   5.000   6.000   7.000   8.000   9.000  10.000  11.000  12.000  13.000  14.000  15.000  16.000  17.000  18.000  19.000  20.000  21.000  22.000  23.000  24.000  25.000  26.000  27.000  28.000  29.000  30.000  31.000  32.000  33.000  34.000  35.000  36.000  37.000  38.000  39.000  40.000  41.000  42.000  43.000  44.000  45.000  46.000  47.000  48.000  49.000  50.000
  1.000   2.000   3.000   4.000   5.000   6.000   7.000   8.000   9.000  10.000  11.000  12.000  13.000  14.000  15.000  16.000  17.000  18.000  19.000  20.000  21.000  22.000  23.000  24.000  25.000  26.000  27.000  28.000  29.000  30.000  31.000  32.000  33.000  34.000  35.000  36.000  37.000  38.000  39.000  40.000  41.000  42.000  43.000  44.000  45.000  46.000  47.000  48.000  49.000  50.000
  1.000   2.000   3.000   4.000   5.000   6.000   7.000   8.000   9.000  10.000  11.000  12.000  13.000  14.000  15.000  16.000  17.000  18.000  19.000  20.000  21.000  22.000  23.000  24.000  25.000  26.000  27.000  28.000  29.000  30.000  31.000  32.000  33.000  34.000  35.000  36.000  37.000  38.000  39.000  40.000  41.000  42.000  43.000  44.000  45.000  46.000  47.000  48.000  49.000  50.000
  1.000   2.000   3.000   4.000   5.000   6.000   7.000   8.000   9.000  10.000  11.000  12.000  13.000  14.000  15.000  16.000  17.000  18.000  19.000  20.000  21.000  22.000  23.000  24.000  25.000  26.000  27.000  28.000  29.000  30.000  31.000  32.000  33.000  34.000  35.000  36.000  37.000  38.000  39.000  40.000  41.000  42.000  43.000  44.000  45.000  46.000  47.000  48.000  49.000  50.000
  1.000   2.000   3.000   4.000   5.000   6.000   7.000   8.000   9.000  10.000  11.000  12.000  13.000  14.000  15.000  16.000  17.000  18.000  19.000  20.000  21.000  22.000  23.000  24.000  25.000  26.000  27.000  28.000  29.000  30.000  31.000  32.000  33.000  34.000  35.000  36.000  37.000  38.000  39.000  40.000  41.000  42.000  43.000  44.000  45.000  46.000  47.000  48.000  49.000  50.000
  1.000   2.000   3.000   4.000   5.000   6.000   7.000   8.000   9.000  10.000  11.000  12.000  13.000  14.000  15.000  16.000  17.000  18.000  19.000  20.000  21.000  22.000  23.000  24.000  25.000  26.000  27.000  28.000  29.000  30.000  31.000  32.000  33.000  34.000  35.000  36.000  37.000  38.000  39.000  40.000  41.000  42.000  43.000  44.000  45.000  46.000  47.000  48.000  49.000  50.000
  1.000   2.000   3.000   4.000   5.000   6.000   7.000   8.000   9.000  10.000  11.000  12.000  13.000  14.000  15.000  16.000  17.000  18.000  19.000  20.000  21.000  22.000  23.000  24.000  25.000  26.000  27.000  28.000  29.000  30.000  31.000  32.000  33.000  34.000  35.000  36.000  37.000  38.000  39.000  40.000  41.000  42.000  43.000  44.000  45.000  46.000  47.000  48.000  49.000  50.000
  0.100   0.200   0.150  -0.010  -0.200  -0.320  -0.260  -0.030   0.240   0.360   0.220  -0.060  -0.230  -0.160   0.020   0.090  -0.060  -0.310  -0.450  -0.370  -0.210  -0.170  -0.290  -0.470  -0.510  -0.340  -0.060   0.170   0.220   0.120  -0.010  -0.080  -0.060   0.010   0.060   0.050   0.020   0.000   0.010   0.040   0.050   0.020   0.000   0.010   0.060   0.100   0.080   0.020  -0.010   0.040
  0.080   0.190   0.210   0.150   0.060   0.010   0.070   0.230   0.400   0.440   0.300   0.080  -0.070  -0.100  -0.070  -0.110  -0.240  -0.370  -0.410  -0.410  -0.510  -0.740  -0.920  -0.800  -0.270   0.430   0.870   0.800   0.360  -0.070  -0.190   0.000   0.200   0.200   0.030  -0.100  -0.040   0.130   0.200   0.110  -0.060  -0.120  -0.030   0.110   0.130   0.030  -0.070  -0.040   0.070   0.140
  0.050   0.130   0.170   0.150   0.110   0.090   0.130   0.200   0.240   0.230   0.180   0.140   0.170   0.250   0.290   0.230   0.050  -0.220  -0.500  -0.760  -0.920  -0.920  -0.670  -0.160   0.450   0.910   1.010   0.770   0.380   0.120   0.080   0.160   0.190   0.070  -0.080  -0.130  -0.020   0.130   0.170   0.080  -0.020  -0.050   0.020   0.090   0.060  -0.020  -0.070  -0.030   0.020   0.010
  0.000   0.050   0.050   0.000  -0.090  -0.180  -0.250  -0.290  -0.270  -0.200  -0.060   0.110   0.250   0.300   0.240   0.080  -0.130  -0.350  -0.570  -0.810  -1.060  -1.210  -1.140  -0.770  -0.170   0.430   0.800   0.800   0.500   0.140  -0.090  -0.100   0.010   0.100   0.090   0.000  -0.070  -0.070  -0.010   0.060   0.090   0.070   0.020  -0.010  -0.010   0.010   0.040   0.050   0.030  -0.020
 -0.040  -0.020  -0.030  -0.080  -0.130  -0.180  -0.190  -0.150  -0.070   0.010   0.050   0.010  -0.090  -0.180  -0.190  -0.070   0.090   0.150  -0.040  -0.510  -1.090  -1.480  -1.440  -0.890  -0.070   0.660   1.000   0.870   0.460   0.070  -0.100  -0.040   0.090   0.150   0.100   0.000  -0.070  -0.060   0.000   0.040   0.050   0.040   0.030   0.020   0.000  -0.020  -0.030  -0.020  -0.010   0.000
 -0.070  -0.060  -0.040  -0.040  -0.070  -0.120  -0.160  -0.160  -0.130  -0.090  -0.040   0.010   0.110   0.270   0.440   0.480   0.230  -0.330  -1.010  -1.490  -1.450  -0.840   0.090   0.880   1.150   0.870   0.320  -0.080  -0.110   0.150   0.370   0.350   0.110  -0.130  -0.150   0.020   0.190   0.180   0.030  -0.100  -0.090   0.020   0.070  -0.030  -0.170  -0.200  -0.070   0.070   0.080  -0.040
 -0.090  -0.050   0.020   0.030  -0.030  -0.110  -0.120  -0.020   0.110   0.120  -0.030  -0.240  -0.330  -0.200   0.060   0.210   0.040  -0.410  -0.850  -0.960  -0.580   0.090   0.680   0.880   0.670   0.260  -0.050  -0.120  -0.020   0.090   0.100   0.040   0.000   0.000   0.020   0.030   0.020   0.040   0.070   0.070   0.000  -0.110  -0.160  -0.120  -0.020   0.020  -0.010  -0.050  -0.030   0.050
 -0.100  -0.020   0.100   0.110   0.000  -0.070  -0.010   0.090   0.030  -0.280  -0.620  -0.660  -0.240   0.350   0.600   0.230  -0.570  -1.180  -1.120  -0.400   0.480   0.940   0.770   0.240  -0.190  -0.240  -0.020   0.170   0.150  -0.020  -0.140  -0.100   0.040   0.120   0.080   0.000  -0.030   0.020   0.070   0.040  -0.030  -0.080  -0.050   0.020   0.060   0.030  -0.010  -0.010   0.030   0.050
 -0.110   0.020   0.180   0.160   0.000  -0.110  -0.050   0.030  -0.110  -0.430  -0.620  -0.430   0.030   0.330   0.160  -0.360  -0.770  -0.700  -0.210   0.310   0.510   0.370   0.130   0.020   0.060   0.120   0.080  -0.020  -0.060  -0.020   0.040   0.050  -0.010  -0.040  -0.010   0.040   0.050   0.010  -0.020   0.010   0.060   0.070   0.000  -0.060  -0.050   0.030   0.080   0.040  -0.040  -0.070
 -0.110   0.050   0.240   0.190  -0.050  -0.200  -0.090   0.110   0.040  -0.340  -0.720  -0.690  -0.240   0.270   0.410   0.130  -0.270  -0.430  -0.270   0.040   0.250   0.270   0.160   0.070   0.040   0.050   0.050   0.030   0.010   0.000   0.010   0.030   0.050   0.030   0.000  -0.040  -0.040   0.000   0.040   0.050   0.020   0.000   0.020   0.040   0.030  -0.030  -0.080  -0.060   0.010   0.070
 -0.120   0.050   0.260   0.220  -0.060  -0.260  -0.100   0.220   0.210  -0.320  -0.960  -1.050  -0.360   0.580   1.020   0.660  -0.100  -0.580  -0.490  -0.090   0.180   0.130  -0.050  -0.100   0.010   0.130   0.100  -0.010  -0.060   0.020   0.120   0.130   0.040  -0.030  -0.030   0.010   0.000  -0.050  -0.060   0.020   0.120   0.150   0.060  -0.030  -0.050   0.000   0.050   0.030  -0.010  -0.020
 -0.120   0.030   0.240   0.240  -0.010  -0.240  -0.150   0.170   0.260  -0.200  -0.910  -1.160  -0.550   0.560   1.290   1.100   0.260  -0.480  -0.610  -0.260   0.050   0.010  -0.230  -0.320  -0.140   0.100   0.150   0.020  -0.080  -0.010   0.130   0.170   0.070  -0.040  -0.040   0.040   0.050  -0.040  -0.100  -0.030   0.110   0.160   0.070  -0.040  -0.020   0.090   0.150   0.070  -0.050  -0.090
 -0.130  -0.030   0.160   0.230   0.080  -0.140  -0.170   0.010   0.140  -0.090  -0.610  -0.960  -0.690   0.170   1.030   1.280   0.780  -0.020  -0.530  -0.510  -0.190   0.030  -0.050  -0.260  -0.330  -0.200  -0.010   0.090   0.060   0.000   0.010   0.060   0.070   0.030  -0.020  -0.020   0.010   0.010  -0.030  -0.060  -0.010   0.060   0.070   0.010  -0.060  -0.040   0.050   0.140   0.130   0.050
 -0.130  -0.080   0.060   0.150   0.100  -0.040  -0.120  -0.050   0.040  -0.050  -0.380  -0.720  -0.710  -0.170   0.640   1.230   1.200   0.600  -0.150  -0.610  -0.610  -0.330  -0.080  -0.010  -0.080  -0.130  -0.100  -0.020   0.030   0.020   0.010   0.030   0.060   0.050  -0.020  -0.080  -0.090  -0.030   0.030   0.030  -0.030  -0.090  -0.090  -0.020   0.040   0.040  -0.010  -0.060  -0.060  -0.010
 -0.110  -0.100  -0.020   0.060   0.050  -0.040  -0.150  -0.150  -0.060   0.030  -0.050  -0.320  -0.590  -0.560  -0.100   0.640   1.260   1.380   0.930   0.170  -0.500  -0.780  -0.680  -0.400  -0.170  -0.090  -0.090  -0.070  -0.010   0.060   0.090   0.060   0.020   0.000   0.000   0.010  -0.020  -0.060  -0.090  -0.090  -0.050  -0.020  -0.010  -0.030  -0.030  -0.010   0.020   0.020  -0.020  -0.080
 -0.090  -0.070  -0.010   0.070   0.110   0.080  -0.020  -0.140  -0.210  -0.190  -0.120  -0.070  -0.090  -0.140  -0.110   0.090   0.450   0.830   0.990   0.810   0.320  -0.250  -0.670  -0.780  -0.620  -0.340  -0.110   0.000   0.010  -0.020  -0.020   0.000   0.010  -0.010  -0.050  -0.080  -0.100  -0.090  -0.070  -0.070  -0.070  -0.070  -0.060  -0.020   0.020   0.040   0.030   0.000  -0.040  -0.050
 -0.050  -0.010   0.050   0.120   0.170   0.180   0.150   0.090   0.010  -0.070  -0.140  -0.210  -0.230  -0.170   0.020   0.350   0.740   1.070   1.180   0.990   0.540  -0.020  -0.500  -0.780  -0.830  -0.740  -0.600  -0.460  -0.320  -0.150   0.030   0.170   0.220   0.150   0.020  -0.090  -0.120  -0.080   0.000   0.040   0.020  -0.030  -0.060  -0.030   0.030   0.100   0.100   0.050  -0.040  -0.090
 -0.010   0.060   0.120   0.140   0.100   0.010  -0.110  -0.210  -0.240  -0.200  -0.120  -0.050  -0.050  -0.110  -0.150  -0.030   0.320   0.800   1.220   1.320   1.000   0.380  -0.260  -0.650  -0.680  -0.500  -0.300  -0.260  -0.340  -0.410  -0.330  -0.090   0.160   0.300   0.250   0.100  -0.050  -0.090  -0.050   0.010   0.000  -0.060  -0.130  -0.120  -0.040   0.060   0.100   0.050  -0.050  -0.150
  0.030   0.110   0.130   0.120   0.110   0.120   0.120   0.090   0.030  -0.040  -0.060  -0.070  -0.110  -0.210  -0.310  -0.250   0.100   0.720   1.330   1.580   1.260   0.520  -0.260  -0.670  -0.620  -0.300  -0.070  -0.120  -0.370  -0.550  -0.510  -0.270  -0.040   0.060   0.020  -0.030   0.000   0.090   0.130   0.060  -0.070  -0.150  -0.120  -0.010   0.060   0.030  -0.050  -0.090  -0.060   0.000
  0.070   0.130   0.100   0.070   0.140   0.250   0.240   0.030  -0.280  -0.480  -0.430  -0.160   0.140   0.350   0.500   0.640   0.830   0.990   1.010   0.850   0.540   0.210  -0.030  -0.140  -0.130  -0.110  -0.150  -0.250  -0.340  -0.320  -0.170   0.020   0.120   0.060  -0.090  -0.180  -0.130   0.020   0.150   0.150   0.040  -0.070  -0.080   0.000   0.070   0.080   0.030  -0.020  -0.040  -0.020
  0.090   0.130   0.030  -0.040   0.020   0.100   0.000  -0.270  -0.440  -0.350  -0.150  -0.150  -0.390  -0.540  -0.240   0.430   1.000   1.070   0.710   0.330   0.230   0.300   0.250  -0.020  -0.290  -0.300  -0.090   0.090   0.020  -0.220  -0.360  -0.250  -0.040   0.070  -0.010  -0.120  -0.090   0.080   0.230   0.200   0.030  -0.100  -0.080   0.040   0.130   0.100   0.010  -0.040  -0.010   0.020
  0.110   0.130  -0.020  -0.140  -0.050   0.170   0.320   0.350   0.350   0.350   0.200  -0.170  -0.520  -0.500  -0.030   0.530   0.700   0.410   0.010  -0.150  -0.050   0.030  -0.070  -0.210  -0.120   0.180   0.410   0.320  -0.020  -0.290  -0.260  -0.020   0.130   0.030  -0.180  -0.240  -0.090   0.120   0.160   0.010  -0.140  -0.120   0.030   0.140   0.100  -0.020  -0.060   0.010   0.090   0.060
  0.120   0.150  -0.020  -0.180  -0.120   0.170   0.480   0.580   0.380   0.020  -0.280  -0.300  -0.020   0.370   0.590   0.530   0.320   0.190   0.240   0.350   0.330   0.160  -0.010  -0.010   0.180   0.410   0.510   0.400   0.200   0.020  -0.060  -0.050   0.000   0.050   0.050   0.020  -0.030  -0.070  -0.080  -0.050  -0.030  -0.050  -0.090  -0.120  -0.090  -0.040   0.000  -0.020  -0.060  -0.070
  0.120   0.170   0.050  -0.150  -0.250  -0.160   0.070   0.310   0.410   0.320   0.130  -0.020  -0.080  -0.130  -0.260  -0.420  -0.470  -0.310  -0.050   0.090   0.020  -0.140  -0.200  -0.070   0.120   0.220   0.200   0.150   0.140   0.150   0.110   0.010  -0.070  -0.060   0.040   0.110   0.090   0.000  -0.090  -0.090  -0.040  -0.020  -0.050  -0.080  -0.070  -0.020   0.000  -0.020  -0.040  -0.040
